######## (0, b'J0', 0, 7, 6, 1, 0.5, 0.0, -2.96706, 2.96706, 300.0, 10.0, b'lbr_iiwa_link_1', (0.0, 0.0, 1.0), (0.1, 0.0, 0.0875), (0.0, 0.0, 0.0, 1.0), -1)
######## (1, b'J1', 0, 8, 7, 1, 0.5, 0.0, -2.0944, 2.0944, 300.0, 10.0, b'lbr_iiwa_link_2', (0.0, 0.0, 1.0), (0.0, 0.03, 0.08249999999999999), (-9.381873917569987e-07, 0.7071080798588513, 0.707105482510614, 9.381839456086129e-07), 0)
######## (2, b'J2', 0, 9, 8, 1, 0.5, 0.0, -2.96706, 2.96706, 300.0, 10.0, b'lbr_iiwa_link_3', (0.0, 0.0, 1.0), (-0.0003, 0.14549999999862046, -0.04200075117044365), (-9.381873917569987e-07, 0.7071080798588513, 0.707105482510614, -9.381839456086129e-07), 1)
######## (3, b'J3', 0, 10, 9, 1, 0.5, 0.0, -2.0944, 2.0944, 300.0, 10.0, b'lbr_iiwa_link_4', (0.0, 0.0, 1.0), (0.0, -0.03, 0.08550000000000002), (-0.7071080798594737, 0.0, 0.0, 0.7071054825112363), 2)
######## (4, b'J4', 0, 11, 10, 1, 0.5, 0.0, -2.96706, 2.96706, 300.0, 10.0, b'lbr_iiwa_link_5', (0.0, 0.0, 1.0), (0.0, 0.11749999999875532, -0.03400067770634158), (9.381873917569989e-07, 0.7071080798588513, 0.707105482510614, 9.381839456086127e-07), 3)
######## (5, b'J5', 0, 12, 11, 1, 0.5, 0.0, -2.0944, 2.0944, 300.0, 10.0, b'lbr_iiwa_link_6', (0.0, 0.0, 1.0), (-0.0001, -0.021, 0.1394999999999999), (-0.7071080798594737, 0.0, 1.0080490974868132e-23, 0.7071054825112363), 4)
######## (6, b'J6', 0, 13, 12, 1, 0.5, 0.0, -3.05433, 3.05433, 300.0, 10.0, b'lbr_iiwa_link_7', (0.0, 0.0, 1.0), (0.0, 0.0803999999994535, -0.00040029752961337673), (-9.381873917569987e-07, 0.7071080798588513, 0.707105482510614, -9.381839456086129e-07), 5)
######## (7, b'gripper_to_arm', 0, 14, 13, 1, 0.0, 0.0, 0.0, -1.0, 0.0, 0.0, b'base_link', (0.0, 0.0, 1.0), (0.0, 0.0, 0.02400000000000004), (0.0, 0.0, 0.0, 1.0), 6)
######## (8, b'base_left_finger_joint', 0, 15, 14, 1, 0.0, 0.0, -10.4, 10.01, 100.0, 0.0, b'left_finger', (0.0, 1.0, 0.0), (0.0, 0.024, 0.04500000000000015), (0.0, 0.024997395914712325, 0.0, 0.9996875162757026), 7)
######## (9, b'left_finger_base_joint', 4, -1, -1, 0, 0.0, 0.0, 0.0, -1.0, 0.0, 0.0, b'left_finger_base', (0.0, 0.0, 0.0), (-0.0009954177603205688, 0.0, 0.04014991667795068), (0.0, 0.12467473338522773, 0.0, 0.992197667229329), 8)
######## (10, b'left_base_tip_joint', 0, 16, 15, 1, 0.0, 0.0, -10.1, 10.3, 0.0, 0.0, b'left_finger_tip', (0.0, 1.0, 0.0), (0.0064011650627963075, 0.0, 0.021752992447456466), (0.0, -0.24740395925452294, 0.0, 0.9689124217106448), 9)
######## (11, b'base_right_finger_joint', 0, 17, 16, 1, 0.0, 0.0, -10.01, 10.4, 100.0, 0.0, b'right_finger', (0.0, 1.0, 0.0), (0.0, 0.024, 0.04500000000000015), (0.0, -0.024997395914712325, 0.0, 0.9996875162757026), 7)
######## (12, b'right_finger_base_joint', 4, -1, -1, 0, 0.0, 0.0, 0.0, -1.0, 0.0, 0.0, b'right_finger_base', (0.0, 0.0, 0.0), (0.0009954177603205688, 0.0, 0.04014991667795068), (0.0, -0.12467473338522773, 0.0, 0.992197667229329), 11)
######## (13, b'right_base_tip_joint', 0, 18, 17, 1, 0.0, 0.0, -10.3, 10.1, 0.0, 0.0, b'right_finger_tip', (0.0, 1.0, 0.0), (-0.0064011650627963075, 0.0, 0.021752992447456466), (0.0, 0.24740395925452294, 0.0, 0.9689124217106448), 12)
